dF<-c(45, 77, 20, 19, 101, 120,212)
dF
dC<-5/9 *(dF - 32)
dC
