vec6<-c(2,4,6)
vec6
vec7<-c(1,2)
vec7
vec6*rep(vec7,times=c(3,3))
