vec18<-c(g[1],g[3])
vec18
vec19<-g[-c(1,3)]
vec19
vec29<-c(vec18,vec19)
vec29
